-0.0437463 0.09804311 0.93767506 459.51184 437.1065
-0.1758129 0.08444618 0.9446654 485.1202 434.5508
-0.14055037 0.14031562 0.5067261 480.64105 529.94574
-0.12410624 0.22309177 0.06042888 482.15253 627.45575
-0.10092969 0.06632081 0.023296213 465.08047 626.5586
-0.09162928 -0.007887352 0.028914806 457.697 621.50543
0.08832054 0.11164005 0.9306847 433.30084 439.73828
0.058460705 0.14608414 0.4901424 440.71674 536.18634
0.0452289 0.22275172 0.042648688 447.95483 634.41064
0.04066485 0.06118685 0.023434123 436.80713 628.8732
0.03885423 -0.013537006 0.02960335 431.83264 623.40265
-0.04373787 0.09800944 0.9377688 459.50784 437.08533
-0.05624045 0.15012261 1.1649156 467.19406 388.3837
-0.055816755 0.16787912 1.421379 469.7221 331.42596
-0.07217855 0.08984502 1.5125747 467.15866 310.67645
-0.07023939 0.1530067 1.6086597 472.3841 289.31958
-0.055816755 0.16787912 1.421379 469.7221 331.42596
0.07467379 0.1692717 1.345342 442.0653 348.3522
0.15737282 0.16412462 1.0790528 423.14798 408.39514
0.17912729 0.08261406 0.8418766 411.96463 458.9747
0.17912729 0.08261406 0.8418766 411.96463 458.9747
0.09568042 0.027889173 0.83541656 425.32666 458.1554
0.19922505 0.06330507 0.7458387 406.18866 479.4413
0.19922505 0.06330507 0.7458387 406.18866 479.4413
-0.055816755 0.16787912 1.421379 469.7221 331.42596
-0.18515775 0.16452228 1.3434678 495.72226 349.0143
-0.25354335 0.16474794 1.0730891 508.12817 408.33267
-0.27042243 0.08573551 0.83467895 503.43094 457.46518
-0.27042243 0.08573551 0.83467895 503.43094 457.46518
-0.20276047 0.012264745 0.8395661 484.09958 454.79172
-0.27382863 0.07349138 0.6977676 502.36182 485.89233
-0.27382863 0.07349138 0.6977676 502.36182 485.89233
