-0.0429307 0.102614 0.93837506 459.70798 437.0771
-0.17505758 0.09005519 0.946127 485.4373 434.38193
-0.13933936 0.14147565 0.50768 480.4976 529.80707
-0.1243768 0.2227947 0.061062865 482.18497 627.30273
-0.10077042 0.06620192 0.023452215 465.04083 626.52356
-0.09128125 -0.007990661 0.028959768 457.62213 621.49713
0.089196414 0.11517284 0.93062305 433.3831 439.85083
0.061702404 0.15148889 0.49007714 440.45822 536.47437
0.048098553 0.22276218 0.041703753 447.36816 634.6644
0.04045548 0.06121858 0.023305861 436.85074 628.8971
0.03759878 -0.013464382 0.029573835 432.08463 623.38995
-0.04292207 0.102581225 0.9384691 459.704 437.05585
-0.053722452 0.15419088 1.1658181 467.0081 388.26022
-0.05309204 0.16695425 1.422578 469.0835 331.14304
-0.07070954 0.090714976 1.5150489 466.9378 310.12485
-0.06882937 0.1577464 1.6084768 472.4828 289.35345
-0.05309204 0.16695425 1.422578 469.0835 331.14304
0.07777368 0.16982956 1.3472306 441.4585 347.9282
0.1598407 0.16986139 1.0806961 423.05493 408.15784
0.18052258 0.090516515 0.84269106 412.23645 459.0431
0.18052258 0.090516515 0.84269106 412.23645 459.0431
0.098098665 0.03420317 0.8367722 425.2905 458.06555
0.20065887 0.07113556 0.7466757 406.43735 479.53333
0.20065887 0.07113556 0.7466757 406.43735 479.53333
-0.05309204 0.16695425 1.422578 469.0835 331.14304
-0.18302236 0.16255313 1.3457063 495.12918 348.4946
-0.252926 0.16702887 1.0757532 508.21768 407.80228
-0.26969805 0.091561556 0.8361896 503.7887 457.31772
-0.26969805 0.091561556 0.8361896 503.7887 457.31772
-0.2045282 0.015809072 0.8399886 484.73468 454.79095
-0.2720078 0.08269417 0.69899535 502.7834 485.95813
-0.2720078 0.08269417 0.69899535 502.7834 485.95813
